<?xml version="1.0" standalone="no"?>
<!DOCTYPE svg PUBLIC "-//W3C//DTD SVG 20010904//EN"
 "http://www.w3.org/TR/2001/REC-SVG-20010904/DTD/svg10.dtd">
<svg version="1.0" xmlns="http://www.w3.org/2000/svg"
 width="512.000000pt" height="512.000000pt" viewBox="0 0 512.000000 512.000000"
 preserveAspectRatio="xMidYMid meet">

<g transform="translate(0.000000,512.000000) scale(0.100000,-0.100000)"
fill="#000000" stroke="none">
<path d="M1433 5039 c-89 -4 -226 -15 -305 -24 -145 -16 -540 -75 -547 -81 -2
-2 24 -34 59 -71 225 -240 342 -596 380 -1158 18 -259 8 -1576 -13 -1751 -27
-219 -71 -419 -138 -618 -32 -95 -38 -121 -27 -128 13 -9 138 -5 393 11 124 8
145 4 145 -30 0 -10 4 -20 9 -23 4 -3 66 1 137 9 71 8 184 15 252 15 70 0 130
5 140 11 12 8 69 6 207 -6 105 -9 262 -19 350 -22 l160 -6 -32 27 c-52 44
-179 207 -264 340 -101 159 -230 413 -307 608 -97 245 -106 281 -110 451 l-3
147 106 0 c419 0 915 -216 1204 -526 127 -136 212 -292 263 -484 18 -70 22
-112 22 -240 0 -138 -3 -166 -27 -253 -54 -196 -143 -346 -296 -497 -53 -52
-136 -123 -186 -156 -192 -131 -469 -248 -695 -294 -98 -20 -365 -44 -381 -34
-5 3 -9 20 -9 38 0 19 -6 38 -12 43 -7 6 -67 33 -133 61 -297 126 -453 166
-650 165 -230 0 -385 -62 -535 -213 -47 -47 -94 -103 -105 -124 l-20 -38 35
-30 c93 -80 254 -116 615 -138 318 -19 749 -10 1060 20 301 30 887 141 1134
215 779 234 1194 539 1301 958 84 330 29 660 -150 899 -250 333 -809 571
-1670 710 -95 15 -131 24 -105 25 268 17 653 103 887 199 313 128 488 277 593
508 52 113 68 194 68 336 0 144 -11 208 -59 327 -120 299 -402 492 -944 649
-177 51 -183 52 -310 69 -63 9 -196 26 -295 40 -264 35 -464 54 -695 65 -225
11 -259 11 -497 -1z m757 -189 c272 -28 544 -154 716 -332 118 -121 179 -225
230 -393 24 -80 27 -106 28 -235 0 -165 -17 -243 -84 -385 -137 -290 -441
-505 -805 -571 -44 -8 -141 -17 -216 -21 l-136 -6 -7 968 c-7 805 -6 969 6
976 18 12 145 11 268 -1z m-330 -1420 l-1 -450 -65 -72 c-208 -234 -356 -557
-416 -908 -17 -102 -21 -170 -22 -362 -1 -130 -4 -234 -8 -230 -14 15 -80 201
-103 292 -59 233 -79 419 -72 674 12 479 143 864 418 1228 63 84 246 278 261
278 5 0 8 -202 8 -450z"/>
<path d="M1175 1183 c-31 -5 -45 -18 -45 -42 0 -10 20 -12 96 -9 79 4 99 8
110 23 7 10 11 22 8 26 -5 9 -113 10 -169 2z"/>
<path d="M1530 1114 c-100 -18 -130 -31 -130 -58 0 -46 10 -49 116 -38 55 7
161 14 237 18 l137 6 0 44 0 44 -142 -1 c-79 -1 -177 -7 -218 -15z"/>
<path d="M1960 1097 c0 -31 49 -57 109 -57 73 0 98 8 104 30 5 21 -7 24 -140
36 -62 5 -73 4 -73 -9z"/>
<path d="M940 1034 c-30 -9 -57 -17 -58 -19 -2 -2 -1 -17 3 -34 6 -29 10 -31
48 -30 23 0 67 6 97 12 54 12 55 13 55 47 0 35 -1 35 -45 37 -25 1 -70 -5
-100 -13z"/>
<path d="M2890 979 c-91 -4 -379 -15 -640 -23 -261 -9 -594 -23 -740 -31 -146
-8 -314 -17 -375 -20 -60 -3 -157 -13 -214 -21 -58 -7 -119 -14 -137 -14 -18
0 -44 -4 -58 -10 -23 -8 -24 -12 -15 -40 l11 -30 1147 0 1148 0 59 66 c32 37
69 82 82 100 l23 34 -63 -1 c-35 -1 -137 -5 -228 -10z"/>
<path d="M744 748 c-2 -4 1 -10 8 -15 35 -22 57 -34 98 -55 45 -21 50 -22 998
-36 524 -7 963 -11 976 -8 12 3 50 27 85 53 l62 48 -888 7 c-488 4 -989 8
-1111 10 -123 2 -226 0 -228 -4z"/>
</g>
</svg>
